7680581420034
7680581420140
7680581420157
7680581420058
7680581420072
7680581420096
7680581420119
7680581420133
7680570020399
7680570020337
7680570020412
7680570020474
7680570020078
7680570020016
7680570020092
7680570020153
7680570020238
7680570020177
7680570020252
7680570020313
7680564790024
7680564790048
7680562490049
7680562490025
7680562490469
7680562490483
7680562490247
7680562490223
7680562490445
7680562490421
7680539041571
7680539041069
7680539041144
7680539040680
7680539041229
7680539040765
7680539041304
7680539040840
7680539040925
7680539041496
7680616690029
7680616690012
7680616690036
7680616690043
7680616690050
7680616690067
7680616690081
7680616690074
7680616690104
7680616690098
7680572950069
7680572950120
7680572950182
7680534840346
7680534840261
7680534840186
7680534840421
7680583410132
7680583410149
7680583410101
7680583410118
7680583410125
7680579970183
7680579970305
7680579970022
7680579970220
7680579970244
7680579970060
7680579970107
7680579970268
7680579970145
7680579970282
7680591320072
7680591320089
7680591320102
7680591320096
7680591320027
7680591320010
7680591320041
7680591320034
7680591320058
7680591320065
7680627670027
7680627670010
7680627670034
7680627670041
7680627670058
7680627670065
7680627670089
7680627670072
7680627670102
7680627670096
7680627670119
7680627670126
7680311100175
7680311100335
7680573620152
7680573620169
7680573620091
7680573620114
7680573620138
7680592450044
7680592450037
7680592450051
7680592450068
7680592450075
7680592450082
7680592450020
7680592450013
7680368181165
7680368180274
7680565560015
7680583510047
7680583510061
7680583510108
7680583510092
7680583510016
7680583510023
7680538420704
7680538420384
7680538420544
7680285030249
7680574600153
7680574600238
7680574600245
7680574600252
7680574600030
7680574600177
7680574600078
7680574600191
7680574600214
7680574600115
7680568470359
7680568470366
7680568470373
7680568470403
7680568470380
7680568470397
7680568470434
7680568470410
7680568470427
7680568470465
7680568470458
7680568470441
7680568460138
7680568460039
7680568460091
7680568460411
7680568460299
7680568460350
7680568460251
7680568460213
7680568460176
7680565420012
7680343830576
7680343830224
7680343850253
7680343850178
7680343850413
7680565520071
7680565520019
7680565520088
7680565520026
7680565520040
7680565520033
7680565520057
7680565520064
7680622280016
7680622280047
7680622280023
7680622280054
7680622280030
7680622280061
7680535711751
7680510390179
7680510390216
7680510390209
7680510390186
7680535710198
7680535710181
7680535710266
7680535710273
7680535710549
7680535710501
7680535710983
7680535710976
7680535710945
7680535710938
7680535711744
7680535711669
7680535711317
7680535711584
7680564000017
7680564010016
7680564010030
7680564010023
7680564010047
7680565600025
7680565600018
7680565540024
7680565540017
7680565600032
7680565600049
7680565540048
7680565540055
7680536441633
7680536441718
7680536442364
7680536442449
7680536441985
7680536442012
7680536442289
7680442460667
7680516970498
7680442460582
7680516970146
7680516970573
7680442460827
7680516970221
7680442460742
7680516970306
7680442460315
7680534170511
7680534170191
7680534170351
7680534180589
7680534180152
7680534180312
7680534180749
7680534170276
7680534170436
7680534170788
7680534180237
7680534180664
7680587070042
7680587070035
7680587070059
7680587070066
7680587070011
7680587070028
7680548710239
7680548710154
7680548710581
7680548710314
7680548710741
7680548710666
7680548711045
7680548711120
7680548710901
7680548710826
7680553520014
7680553520038
7680605300137
7680605300144
7680605300168
7680605300151
7680605300021
7680605300014
7680605300045
7680605300038
7680605300069
7680605300076
7680605300083
7680605300052
7680532231412
7680532231689
7680532231849
7680532231764
7680532231177
7680532231092
7680532231252
7680532231337
7680532220720
7680532220645
7680532220805
7680532220997
7680226720888
7680226720291
7680226721267
7680334920224
7680334920149
7680521090273
7680521090198
7680452040149
7680452040491
7680612270010
7680612270027
7680612270034
7680602310016
7680602310023
7680602310047
7680602310030
7680602310054
7680602310061
7680607250010
7680607250027
7680607250034
7680614550011
7680614550028
7680614550035
7680612800019
7680612800026
7680612800040
7680612800033
7680612800064
7680612800057
7680559310138
7680559310145
7680559310022
7680559310046
7680559310060
7680559310084
7680559310121
7680559310107
7680550520017
7680207360119
7680207360386
7680520760481
7680515900151
7680520760566
7680515900311
7680515900236
7680539520465
7680539520540
7680539520113
7680539520380
7680539870539
7680539870287
7680539870362
7680524130440
7680524130525
7680524130280
7680524130365
7680601330039
7680601330046
7680601330015
7680586830012
7680586830029
7680586830043
7680586830036
7680586830081
7680586830074
7680586830050
7680586830067
7680554230226
7680554230202
7680554230264
7680554230240
7680554230301
7680554230288
7680537470199
7680537470274
7680537470359
7680385870561
7680385870134
7680385870219
7680238950488
7680238950211
7680238960289
7680238970165
7680571840071
