7680581420034
7680581420140
7680581420157
7680581420058
7680581420072
7680581420096
7680581420119
7680581420133
7680570020399
7680570020337
7680570020412
7680570020474
7680570020078
7680570020016
7680570020092
7680570020153
7680570020238
7680570020177
7680570020252
7680570020313
7680616380012
7680616380029
7680616380036
7680616380043
7680616380050
7680616380074
7680616380081
7680616380067
7680615530029
7680615530012
7680615530050
7680615530043
7680615530067
7680615530074
7680615530098
7680615530081
7680421270355
7680421270430
7680121750782
7680121751161
7680121752212
7680121752489
7680121750515
7680121750195
7680405210384
7680405210117
7680558180015
7680429670416
7680594750012
7680625560047
7680625560016
7680625560023
7680625560030
7680564790024
7680564790048
7680593520012
7680622370045
7680622370038
7680622370069
7680622370052
7680622350023
7680622350016
7680622370014
7680622370021
7680622360015
7680539060442
7680463570949
7680463570789
7680463570864
7680463560391
7680463580580
7680473530254
7680513210221
7680513210146
7680192200285
7680530270598
7680530270673
7680530270246
7680530270161
7680530270321
7680530270406
7680562490049
7680562490025
7680562490469
7680562490483
7680562490247
7680562490223
7680562490445
7680562490421
7680405360867
7680405361086
7680405360942
7680405361321
7680405361161
7680405361246
7680394160424
7680394160349
7680394160691
7680394160509
7680577240011
7680577200015
7680555610041
7680544670360
7680544670285
7680593280015
7680451630242
7680451630167
7680451630327
7680444480687
7680444480250
7680444480335
7680444480410
7680451630594
7680451630402
7680607150013
7680539041571
7680539041069
7680539041144
7680539040680
7680539041229
7680539040765
7680539041304
7680539040840
7680539040925
7680539041496
7680616690029
7680616690012
7680616690036
7680616690043
7680616690050
7680616690067
7680616690081
7680616690074
7680616690104
7680616690098
7680572950069
7680572950120
7680572950182
7680558150025
7680558150049
7680301570360
7680534840346
7680534840261
7680534840186
7680534840421
7680583410132
7680583410149
7680583410101
7680583410118
7680583410125
7680579970183
7680579970305
7680579970022
7680579970220
7680579970244
7680579970060
7680579970107
7680579970268
7680579970145
7680579970282
7680591320072
7680591320089
7680591320102
7680591320096
7680591320027
7680591320010
7680591320041
7680591320034
7680591320058
7680591320065
7680627670027
7680627670010
7680627670034
7680627670041
7680627670058
7680627670065
7680627670089
7680627670072
7680627670102
7680627670096
7680627670119
7680627670126
7680311100175
7680311100335
7680573620152
7680573620169
7680573620091
7680573620114
7680573620138
7680592450044
7680592450037
7680592450051
7680592450068
7680592450075
7680592450082
7680592450020
7680592450013
7680604500019
7680413141250
7680413141410
7680413141175
7680413140284
7680413141762
7680287520168
7680368181165
7680368180274
7680565560015
7680558540017
7680438360506
7680583510047
7680583510061
7680583510108
7680583510092
7680583510016
7680583510023
7680538420704
7680538420384
7680538420544
7680147690567
7680147690482
7680147700488
7680147700471
7680565120011
7680199320368
7680199320283
7680147700501
7680147700495
7680565120066
7680565120097
7680565120073
7680199320504
7680199320498
7680199320511
7680199320528
7680199320542
7680199320535
7680565120028
7680565120035
7680199320405
7680199320399
7680147700532
7680147700518
7680147700525
7680199320412
7680199320429
7680199320436
7680199320443
7680147700556
7680147700563
7680147700549
7680199320382
7680199320375
7680147700464
7680147700389
7680147700112
7680565120042
7680565120080
7680199320467
7680199320450
7680199320474
7680199320481
7680382940168
7680382940243
7680382941066
7680382941073
7680382940915
7680382941059
7680282750218
7680282750133
7680414950158
7680333540294
7680333540102
7680431540608
7680431540523
7680431540875
7680431540950
7680522670139
7680522670214
7680522670566
7680522670481
7680285030249
7680392550319
7680552740055
7680409120290
7680600780019
7680574600153
7680574600238
7680574600245
7680574600252
7680574600030
7680574600177
7680574600078
7680574600191
7680574600214
7680574600115
7680530600135
7680568470359
7680568470366
7680568470373
7680568470403
7680568470380
7680568470397
7680568470434
7680568470410
7680568470427
7680568470465
7680568470458
7680568470441
7680568460138
7680568460039
7680568460091
7680568460411
7680568460299
7680568460350
7680568460251
7680568460213
7680568460176
7680565420012
7680343830576
7680343830224
7680343850253
7680343850178
7680343850413
7680565520071
7680565520019
7680565520088
7680565520026
7680565520040
7680565520033
7680565520057
7680565520064
7680622280016
7680622280047
7680622280023
7680622280054
7680622280030
7680622280061
7680575510185
7680575510192
7680575510178
7680575510215
7680575510208
7680575510154
7680575510161
7680588720052
7680588720038
7680588720083
7680588720014
7680588720069
7680588720076
7680588750042
7680588750011
7680588750028
7680588750035
7680588750059
7680314060216
7680314060131
7680535711751
7680510390179
7680510390216
7680510390209
7680510390186
7680535710198
7680535710181
7680535710266
7680535710273
7680535710549
7680535710501
7680535710983
7680535710976
7680535710945
7680535710938
7680565130027
7680565130010
7680535711744
7680535711669
7680535711317
7680535711584
7680565130058
7680565130041
7680565130034
7680564000017
7680564010016
7680564010030
7680564010023
7680564010047
7680565600025
7680565600018
7680565540024
7680565540017
7680565600032
7680565600049
7680565540048
7680565540055
7680536441633
7680536441718
7680536442364
7680536442449
7680536441985
7680536442012
7680536442289
7680442460667
7680516970498
7680442460582
7680516970146
7680516970573
7680442460827
7680516970221
7680442460742
7680516970306
7680442460315
7680221100395
7680306340128
7680431531101
7680431531026
7680431530647
7680431530562
7680448540820
7680448540905
7680448541124
7680448541049
7680534170511
7680534170191
7680534170351
7680534180589
7680534180152
7680534180312
7680534180749
7680534170276
7680534170436
7680534170788
7680534180237
7680534180664
7680587070042
7680587070035
7680587070059
7680587070066
7680587070011
7680587070028
7680548710239
7680548710154
7680548710581
7680548710314
7680548710741
7680548710666
7680548711045
7680548711120
7680548710901
7680548710826
7680593020048
7680593020031
7680553520014
7680553520038
7680593020055
7680593020062
7680593020024
7680593020017
7680435360790
7680435360448
7680435360523
7680435360288
7680435360363
7680435360608
7680605300137
7680605300144
7680605300168
7680605300151
7680605300021
7680605300014
7680605300045
7680605300038
7680605300069
7680605300076
7680605300083
7680605300052
7680592250033
7680592250040
7680592250026
7680592250019
7680592250057
7680592250064
7680592250088
7680592250071
7680532231412
7680532231689
7680532231849
7680532231764
7680532231177
7680532231092
7680532231252
7680532231337
7680532220720
7680532220645
7680532220805
7680532220997
7680237740110
7680520060239
7680520050209
7680133690540
7680133690465
7680133690700
7680133690625
7680535720142
7680535720227
7680535720494
7680535720302
7680226720888
7680226720291
7680226721267
7680334920224
7680334920149
7680521090273
7680521090198
7680593830012
7680604890028
7680604890011
7680564690027
7680564690010
7680574960011
7680574960059
7680426360105
7680426370173
7680562000019
7680562000033
7680449410153
7680452040149
7680452040491
7680612270010
7680612270027
7680612270034
7680602310016
7680602310023
7680602310047
7680602310030
7680602310054
7680602310061
7680607250010
7680607250027
7680607250034
7680614550011
7680614550028
7680614550035
7680612800019
7680612800026
7680612800040
7680612800033
7680612800064
7680612800057
7680390320150
7680128060198
7680559310138
7680559310145
7680559310022
7680559310046
7680559310060
7680559310084
7680559310121
7680559310107
7680550520017
7680207360119
7680207360386
7680377560166
7680377580201
7680377570127
7680377570479
7680549590366
7680549590281
7680592730016
7680429680156
7680419190283
7680474810157
7680474810232
7680474810676
7680474810683
7680324970550
7680324970475
7680324970208
7680324970123
7680520760481
7680515900151
7680520760566
7680515900311
7680515900236
7680539520465
7680539520540
7680539520113
7680539520380
7680539870539
7680539870287
7680539870362
7680422860364
7680422860289
7680422860449
7680422860609
7680464570139
7680464570214
7680455190315
7680417560477
7680417560200
7680396480322
7680396451063
7680396451148
7680396450172
7680396450257
7680396480162
7680396451490
7680396450769
7680491060252
7680491060177
7680574090121
7680574090107
7680574090084
7680574090046
7680574090060
7680574090022
7680584050016
7680584050023
7680584050047
7680584050030
7680547320156
7680547320231
7680547320316
7680547320583
7680547320743
7680547320668
7680524130440
7680524130525
7680524130280
7680524130365
7680601330039
7680601330046
7680601330015
7680586830012
7680586830029
7680586830043
7680586830036
7680586830081
7680586830074
7680586830050
7680586830067
7680471020733
7680471020818
7680471021112
7680471021037
7680504900254
7680362030131
7680362030216
7680362030643
7680362030568
7680419310353
7680441000291
7680441000109
7680441000451
7680441000376
7680451140154
7680451150115
7680554230226
7680554230202
7680554230264
7680554230240
7680554230301
7680554230288
7680416240196
7680482850589
7680482850312
7680338660737
7680338660744
7680338660768
7680338660751
7680338660720
7680338660713
7680453880508
7680537470199
7680537470274
7680537470359
7680413830116
7680304330176
7680288400711
7680288400636
7680288400124
7680288400476
7680288400391
7680385870561
7680385870134
7680385870219
7680238950488
7680238950211
7680238960289
7680238970165
7680528660226
7680528660141
7680528660493
7680528660301
7680528660653
7680528660578
7680528660813
7680528660738
7680432160157
7680432160232
7680432160584
7680432160317
7680432160744
7680432160669
7680432160829
7680432160904
7680571840071
7680560360030
7680560360016
7680612550013
7680612550020
7680592090028
7680592090011
7680622470059
7680622470042
7680622470066
7680622470011
7680622470028
7680622470035
7680570560017
7680570560215
7680570530096
7680570530089
7680570530072
7680512330708
7680512330715
7680601800051
7680601800044
7680601800068
7680601800013
7680601800020
7680601800037
7680571380010
7680571380034
7680573660011
7680573660219
7680570550049
7680570550247
7680570550445
7680593820013
